16
16
0
101100
001100
000110
000100
001100
001100
001100
000110
000100
011100
100000
000000
000000
001000
000000
001000
000100
010100
100000
010000
100100
001100
010100
110000
100000
010100
100000
000000
010000
110100
110000
110100
000000
010000
101000
010000
111000
110100
110000
101000
001000
010000
100000
000000
010000
110000
110000
110000
000000
000000
010100
100000
001100
010000
100000
000100
010100
110000
100000
000000
010000
110010
110000
110010
000000
000000
010000
111000
110100
110010
100000
000000
000000
000000
010000
100000
010000
110000
111000
110000
000000
000000
000000
000100
010000
111001
100000
000000
000000
000000
011010
101010
010000
100000
000101
011000
000000
000000
000000
000000
000000
000100
000000
000000
000000
000000
010110
100110
010000
100000
011010
100100
000000
001000
001000
001000
001000
001000
000000
000000
000000
000000
000000
000000
010000
110000
101100
000000
010000
101100
000100
000110
000100
001100
000000
000000
000000
000000
000000
000000
010000
100000
010110
100000
000000
010100
101001
001000
010000
101100
001000
001000
000000
000000
001000
000000
010000
110000
110000
101000
000000
000000
000100
010100
100000
000110
000100
010100
100000
010000
110100
100000
010000
110000
101000
011100
000000
000000
000000
010000
100000
001000
001000
010000
100000
010000
110000
100000
000000
000000
000100
000100
011000
110000
101000
010000
111000
100100
010100
111000
100000
000000
000010
000000
000000
000000
000000
000000
001100
000010
001100
000000
000100
000000
000000
000100
000000
010000
110000
100000
000000
000000
001010
000000
010100
110000
100100
000000
000000
000000
000000
000010
000000
010000
111000
100000
000000
010000
111101
100000
000000
000000
000000
000000
000000
000000
000000
000000
000000
000000
000100
000000
000000
000000
000100
000000
